0.04393289549386936
0.29903823780195027
0.9646768313949753
0.806833389232219
0.23060237357636137
0.6123961208483688
0.19188189449282178
0.3208135008079186
0.9015732513887894
0.07543164376535982
0.6540546840913858
0.8444183971072398
0.2042766642111219
0.3029658858916301
0.33514236413985643
0.19736397170610898
0.08039320134665806
0.848374969844811
0.15377198304983442
0.10370237889504641
0.6821615353347501
0.6033811460853485
0.8441686920682651
0.7762584418367207
0.3326903883631096
0.9671358969158073
0.9999280145859943
0.5074946894912252
0.6188055816161153
0.2210267015009698
0.37161544526833945
0.7095845949501065
0.6239088557257848
0.034897226371922274
0.3812361144067623
0.913856576820353
0.8835205404228135
0.9258786988356098
0.3449384309531983
0.21340359578436763
0.3776236610907737
0.792787264186288
0.07988538806699619
0.5125367122858328
0.761622013753799
0.35705096342052034
0.4120476191378303
0.7328930713441586
0.08167053368714972
0.4553871392235077
0.5987427639022462
0.8183919650781272
0.4203309444765494
0.6499587449899292
0.8330660050281056
0.9798657154306663
0.2749518414716071
0.5484966267008238
0.8069265865861699
0.12507403104665193
0.9838667728267122
0.5598816436868295
0.7752259192543153
0.8309444866185348
0.18444993016425004
0.5499392914634477
0.6857830525935815
0.5322634991413543
0.11226387340573263
0.007706503030944001
0.717933358935936
0.824675775932156
0.5319794064613526
0.8841885741269495
0.007296807476536271
0.9097325696262685
0.22844247430589426
0.22363189476441125
0.4250325554173361
0.2458619689025121
0.28020930069626493
0.07159583591728713
0.02696673056291632
0.41151761219030114
0.7880649060896274
0.9146151685649311
0.1913009269780266
0.03539435357389653
0.3374866290902224
0.08300184370034347
0.5231784132494341
0.4034828601139252
0.2367091347611614
0.13134349037624127
0.32020677391820374
0.013867761888797792
0.4909923877217819
0.2005126588774856
0.765104423553747
0.9175563317594884
0.5488901805882145
